0 0.6478625535964966 0.5358619689941406 0.4512881636619568 0.23899926245212555
2 0.3356858491897583 0.13432417809963226 0.026570703834295273 0.047495726495981216
1 0.5263891220092773 0.01595248095691204 0.03557167202234268 0.03190496191382408
1 0.16894486546516418 0.029782548546791077 0.02518453821539879 0.05956509709358215
6 0.8073996305465698 0.02241966500878334 0.1467231810092926 0.0419352687895298
6 0.2744962275028229 0.15906977653503418 0.05019407719373703 0.04962262511253357
1 0.1373475193977356 0.03259698301553726 0.02850189432501793 0.06512706726789474
1 0.1566345989704132 0.03141750767827034 0.026290832087397575 0.06283501535654068
1 0.335315465927124 0.0393657460808754 0.03904225304722786 0.04603835195302963
0 0.21670371294021606 0.016554614529013634 0.014908695593476295 0.03310922905802727
1 0.14341674745082855 0.033122070133686066 0.0322946161031723 0.06624414026737213
0 0.1939263790845871 0.02172306925058365 0.01925131492316723 0.0434461385011673
0 0.20821107923984528 0.018408648669719696 0.017449617385864258 0.03681729733943939
