1 0.20374718308448792 0.23210392892360687 0.32994627952575684 0.1814797818660736
1 0.5123522877693176 0.2877013087272644 0.31239187717437744 0.23659591376781464
2 0.3862484097480774 0.13186922669410706 0.04857419431209564 0.053460344672203064
0 0.5498293042182922 0.16587799787521362 0.03236757963895798 0.04603002965450287
1 0.7300382852554321 0.06433752179145813 0.028154628351330757 0.1233077421784401
0 0.7015318870544434 0.06524848937988281 0.03442993387579918 0.12778984010219574
0 0.5839306116104126 0.06563987582921982 0.023032380267977715 0.13127975165843964
2 0.010005764663219452 0.1474325805902481 0.018987787887454033 0.05165611580014229
1 0.660927951335907 0.06306153535842896 0.03273658826947212 0.1249978244304657
1 0.2631293833255768 0.13448965549468994 0.0820658728480339 0.02477264404296875
4 0.565316915512085 0.034952644258737564 0.01838073879480362 0.0667194053530693
1 0.6829819083213806 0.06271300464868546 0.015152995474636555 0.1251867115497589
