0 0.49072322249412537 0.4194108247756958 0.05491695553064346 0.23691725730895996
1 0.5028309226036072 0.24519483745098114 0.09746040403842926 0.05408402904868126
2 0.4599688649177551 0.14261049032211304 0.046662140637636185 0.04959464445710182
0 0.02498670294880867 0.2225753366947174 0.04997340589761734 0.055063288658857346
0 0.08840620517730713 0.04794059321284294 0.028457745909690857 0.027097659185528755
1 0.20867660641670227 0.20189818739891052 0.028734669089317322 0.047615982592105865
1 0.20456436276435852 0.027673810720443726 0.019884157925844193 0.03597966209053993
6 0.25175800919532776 0.09937836974859238 0.013994598761200905 0.03451724350452423
2 0.3966875970363617 0.029529660940170288 0.02650919184088707 0.030243374407291412
2 0.2805461287498474 0.4883880019187927 0.031752970069646835 0.0629693791270256
1 0.3970490097999573 0.03144218027591705 0.026953062042593956 0.02589075081050396
